19-14 ”分地区按项目规模分房地产开发完成投资 (2024年)

0.34            3.07           54.52          113.35          541.98       1085.71        16193.64       73287.59
0.20         20.23         54.07       3683.79

0.00       0.22       0.75       39.65      124.43     1097.18

a 北                   0.01       4.00       281       33.68      828.28      880.66     1139.29
山 西                                       0.02              2.65               5.08             28.54            388.21            384.22            862.21
0.32       4.04       187      30.48      314.25      261.06      322.69

0.13       0.89       244       16.27      306.22      316.16      751.60

0.08          1.48          2.84         11.46        147.52        421.72        356.43

fT          0.00       0.20       220       5.68       21.31      107.69      67.09      126.19

|                                0.16       0.42       0.23       48.95      216.41     5962.74
苏                             0.88       1.26       13.19      498.08     1348.73     8839.72

江                                             111           334          15.73         513.89        1400.29       10048 31

安 i               0.02                         0.84           4.14          11.85         365.80         999.86        2643.69
=                                    051            3:33            4.88           10.80         328.22         731.16        2395.17
IB               0.18           0.33           274           5.87          20.66         403.68         458.56         578.23
山 东                               0.00            147           7.08          36.43         946.58        1798.97        4754 64
河                                   001            2.04            551           31.40         702.34        1068.84        2098.26
北                   017       217       4.32      23.48      444.64      712.78     3959.16
011           153          2.99         23.62        445.26        649.80       2227.39

fb oe               0.04           0.29           2.09           4.56          28.97         460.86         828.54        9872.62
0.00       1.83       484       16.18      226.24      271.00      643.26

0.25            0.91            591          123.25         227.26         850.04

庆                           0.00          0.64          280          4.46        151.31        329.30       2077.87

四 川                                            0.83           2.02          24.65         558.89        1095.44        3411.70
州                           ont           1.82          2.00         44.74        272.60        268.65        634.39
0.04           1.65           5.23          18.55         230.62         301.46         671.18

ie                             0.56       0.25       111       1787       1670       8.75

Be                                                  1.33           3.89          18.36         256.46         480.76        2633.73
He                   0.45       266       5.35       22.47      362.17      326.22      458.74
0.04          0.41           442          3.53         34.50         28.66         77.53

0.36       0.98       3.48      411.61      129.60      176.81

0.10            0.64           11.55           13.64           54.03          453.08          296.26          325.69

