19-11 按用

分新建商品房平均销售价格

2063                  1854                  5552                  3170
2112                  1948                  4751                  3260
3168              2937              6923              5022
3367                  3119                  8053                  5247
3864              3645               8667              5774
3800               3676              8378              5886
4681                  4459                10608                  6871
5045                  4738                 11406                  7765
5384              5029             12339              8454
5839              5486             12369              9028
6328       5946       13152       9810
6427                  6048                 11983                  9874
6932                  6622                13180                  9630
7699              7433             14725              9917
8160               7893             14019             10512
9045       8886       14890       41107
9673                  9667                14840                 11170
10248             10386             15697             10887
10546             10828             14444,             10969
10210             10608             14385             10097
10438             10864             13781             140422
9936             10419             13360               9669
31976                38673                 34569                19793
14819             14967             13130             14080
8121               8201               9263             40110
6971                  6871                   9198                 10081
6585              6647              9448              7449
7489              7509              6897              7868
6608              6598              6183              7256
6311               6187             10671               7567
41484                47223                 33609                21942
10373             11163             10880               9801
16827                17753                 15729                12220
7482              7772              8207              8402
10294             11838               8817              9998
6949              6999              7680              7593
7987                  8269                10689                  8680
6317              6280              8354              6747
8128       8247       13124       8181
6164                  6038                 11466                  8071
15884       17550       19150       12615
5469              5926              7261               7769
15024             14766             19362             24278
6898               8243               8141               7980
8595               9770              9302              9920
5623               5538               5573              8568
6767                  7008                  6828                  8191
9083                  9086                  8217                  9704
10675             10973             11965             11595
5942       5789       42114       10346
6738              6647              7465              8049
6700              6579             11140              7165

5993                  5591                 40709                  8266

